,element_pixel_intensity_488,element_pixel_intensity_405,element_pixel_intensity_555,element_pixel_intensity_ratio,element_Volume_Voxel,element_length_(um),element_average_width
element_pixel_intensity_488,1.0,0.6163256432691417,0.7887849713816752,-0.3480174518768433,0.10754744886393044,0.057669225306300254,0.36105792111584367
element_pixel_intensity_405,0.6163256432691417,1.0,0.47691081870970176,0.4431227543528627,0.04557739006053061,0.01671254688924931,0.21244450069555457
element_pixel_intensity_555,0.7887849713816752,0.47691081870970176,1.0,-0.2999734987187518,0.11519703607665148,0.08038841300545999,0.3070960922997662
element_pixel_intensity_ratio,-0.3480174518768433,0.4431227543528627,-0.2999734987187518,1.0,-0.0933080784082487,-0.07862221706580536,-0.13619220706605514
element_Volume_Voxel,0.10754744886393044,0.04557739006053061,0.11519703607665148,-0.0933080784082487,1.0,0.9597334148379773,0.4522554372867211
element_length_(um),0.057669225306300254,0.01671254688924931,0.08038841300545999,-0.07862221706580536,0.9597334148379773,1.0,0.24435894487251786
element_average_width,0.36105792111584367,0.21244450069555457,0.3070960922997662,-0.13619220706605514,0.4522554372867211,0.24435894487251786,1.0
